P0: 0 0 0 0 0 0 0 0 0 0 0 0
P1: 0 0 0 0 0 0 0 0 0 0 0 0
P2: 721.5377 0 609.5593 0 0 721.5377 172.854 0 0 0 1 0
P3: 721.5377 0 609.5593 0 0 721.5377 172.854 0 0 0 1 0
R0_rect: 1 0 0 0 1 0 0 0 1
Tr_velo_to_cam: 0.00023477380455 -0.999944150448 -0.0105634769425 -0.00279681710526 0.0104494076222 0.0105653535575 -0.999889612198 -0.0751087889075 0.999945402145 0.00012436544057 0.0104513028637 -0.272132784128
